93 0 clueweb09-en0000-05-08339 0
93 0 clueweb09-en0000-10-38521 0
93 0 clueweb09-en0000-14-27431 0
93 0 clueweb09-en0000-14-27433 0
93 0 clueweb09-en0000-16-24789 0
93 0 clueweb09-en0000-23-20369 0
93 0 clueweb09-en0000-25-22465 0
93 0 clueweb09-en0000-25-22469 -2
93 0 clueweb09-en0000-25-22470 -2
93 0 clueweb09-en0000-30-19127 0
93 0 clueweb09-en0000-34-13082 0
93 0 clueweb09-en0000-35-04363 0
93 0 clueweb09-en0000-35-04381 0
93 0 clueweb09-en0000-46-19029 0
93 0 clueweb09-en0000-51-17609 0
93 0 clueweb09-en0000-54-18089 0
93 0 clueweb09-en0000-55-06508 -2
93 0 clueweb09-en0000-61-32003 0
93 0 clueweb09-en0000-61-32005 0
93 0 clueweb09-en0000-65-25547 0
93 0 clueweb09-en0000-78-06129 0
93 0 clueweb09-en0000-78-06130 0
93 0 clueweb09-en0000-79-02229 0
93 0 clueweb09-en0000-83-23514 0
93 0 clueweb09-en0000-85-10687 0
93 0 clueweb09-en0000-90-04648 0
93 0 clueweb09-en0000-91-20270 0
93 0 clueweb09-en0001-08-18534 0
93 0 clueweb09-en0001-16-31237 0
93 0 clueweb09-en0001-20-23991 0
93 0 clueweb09-en0001-26-04396 0
93 0 clueweb09-en0001-29-26354 0
93 0 clueweb09-en0001-39-25583 -2
93 0 clueweb09-en0001-61-16387 0
93 0 clueweb09-en0001-63-15254 0
93 0 clueweb09-en0001-75-01352 0
93 0 clueweb09-en0001-97-10815 0
93 0 clueweb09-en0001-97-34061 0
93 0 clueweb09-en0002-00-25654 0
93 0 clueweb09-en0002-03-05221 1
93 0 clueweb09-en0002-11-32667 -2
93 0 clueweb09-en0002-15-14966 0
93 0 clueweb09-en0002-18-24192 0
93 0 clueweb09-en0002-22-35455 0
93 0 clueweb09-en0002-31-32364 0
93 0 clueweb09-en0002-68-03961 0
93 0 clueweb09-en0002-84-28686 1
93 0 clueweb09-en0002-86-22107 0
93 0 clueweb09-en0002-86-22109 0
93 0 clueweb09-en0002-88-30794 0
93 0 clueweb09-en0003-05-13432 0
93 0 clueweb09-en0003-13-20420 0
93 0 clueweb09-en0003-26-26271 0
93 0 clueweb09-en0003-27-27320 0
93 0 clueweb09-en0003-27-27387 0
93 0 clueweb09-en0003-27-27388 0
93 0 clueweb09-en0003-27-27389 0
93 0 clueweb09-en0003-27-27390 0
93 0 clueweb09-en0003-27-27398 0
93 0 clueweb09-en0003-27-27411 0
93 0 clueweb09-en0003-27-27419 0
93 0 clueweb09-en0003-27-27421 0
93 0 clueweb09-en0003-38-13069 0
93 0 clueweb09-en0003-46-16145 0
93 0 clueweb09-en0003-61-08751 0
93 0 clueweb09-en0003-67-22393 0
93 0 clueweb09-en0003-81-35316 0
93 0 clueweb09-en0003-81-35351 0
93 0 clueweb09-en0003-81-35354 0
93 0 clueweb09-en0003-81-35355 0
93 0 clueweb09-en0003-87-19200 0
93 0 clueweb09-en0003-87-19202 0
93 0 clueweb09-en0003-87-19203 0
93 0 clueweb09-en0003-87-19205 0
93 0 clueweb09-en0004-31-13221 0
93 0 clueweb09-en0004-49-34587 0
93 0 clueweb09-en0004-72-12985 1
93 0 clueweb09-en0004-74-12665 0
93 0 clueweb09-en0004-80-21460 0
93 0 clueweb09-en0004-82-02478 0
93 0 clueweb09-en0004-87-10561 0
93 0 clueweb09-en0004-90-02140 0
93 0 clueweb09-en0004-90-02171 0
93 0 clueweb09-en0004-98-22389 0
93 0 clueweb09-en0005-37-05095 0
93 0 clueweb09-en0005-60-04368 0
93 0 clueweb09-en0005-60-04370 0
93 0 clueweb09-en0005-77-01092 0
93 0 clueweb09-en0005-88-08207 0
93 0 clueweb09-en0005-90-25159 0
93 0 clueweb09-en0005-91-32930 0
93 0 clueweb09-en0005-92-01441 0
93 0 clueweb09-en0005-92-01442 0
93 0 clueweb09-en0005-94-00016 1
93 0 clueweb09-en0005-96-24074 0
93 0 clueweb09-en0005-97-15767 0
93 0 clueweb09-en0006-08-03878 0
93 0 clueweb09-en0006-08-03879 0
93 0 clueweb09-en0006-18-14750 0
93 0 clueweb09-en0006-21-06284 0
93 0 clueweb09-en0006-23-20284 0
93 0 clueweb09-en0006-39-17494 0
93 0 clueweb09-en0006-48-03559 0
93 0 clueweb09-en0006-63-22162 0
93 0 clueweb09-en0006-88-27710 0
93 0 clueweb09-en0007-16-01574 0
93 0 clueweb09-en0007-16-07115 0
93 0 clueweb09-en0007-24-15381 -2
93 0 clueweb09-en0007-28-06699 0
93 0 clueweb09-en0007-31-22635 0
93 0 clueweb09-en0007-53-20136 0
93 0 clueweb09-en0007-68-33088 0
93 0 clueweb09-en0007-80-16047 0
93 0 clueweb09-en0007-80-16124 0
93 0 clueweb09-en0007-80-16171 0
93 0 clueweb09-en0007-80-16249 0
93 0 clueweb09-en0007-80-16250 0
93 0 clueweb09-en0007-80-16266 0
93 0 clueweb09-en0007-95-22270 0
93 0 clueweb09-en0008-12-39126 0
93 0 clueweb09-en0008-20-22782 0
93 0 clueweb09-en0008-28-10894 0
93 0 clueweb09-en0008-46-02426 0
93 0 clueweb09-en0008-47-06078 0
93 0 clueweb09-en0008-53-06695 0
93 0 clueweb09-en0008-57-39442 0
93 0 clueweb09-en0008-68-15866 0
93 0 clueweb09-en0008-69-14115 0
93 0 clueweb09-en0008-85-01352 0
93 0 clueweb09-en0008-87-22428 0
93 0 clueweb09-en0008-87-22430 0
93 0 clueweb09-en0008-91-41887 0
93 0 clueweb09-en0009-05-21963 0
93 0 clueweb09-en0009-11-35156 0
93 0 clueweb09-en0009-19-26678 0
93 0 clueweb09-en0009-67-36216 0
93 0 clueweb09-en0009-75-40474 0
93 0 clueweb09-en0009-84-34492 0
93 0 clueweb09-en0009-88-37382 0
93 0 clueweb09-en0009-89-00443 0
93 0 clueweb09-en0009-89-20353 0
93 0 clueweb09-en0009-99-10070 0
93 0 clueweb09-en0010-02-01661 0
93 0 clueweb09-en0010-06-00474 0
93 0 clueweb09-en0010-19-18583 0
93 0 clueweb09-en0010-19-18584 0
93 0 clueweb09-en0010-19-32265 0
93 0 clueweb09-en0010-19-32267 0
93 0 clueweb09-en0010-19-32268 0
93 0 clueweb09-en0010-19-32276 0
93 0 clueweb09-en0010-20-21813 0
93 0 clueweb09-en0010-24-37982 1
93 0 clueweb09-en0010-24-37984 0
93 0 clueweb09-en0010-24-37992 0
93 0 clueweb09-en0010-24-38000 2
93 0 clueweb09-en0010-24-38009 0
93 0 clueweb09-en0010-24-38044 0
93 0 clueweb09-en0010-24-38118 0
93 0 clueweb09-en0010-27-07867 0
93 0 clueweb09-en0010-27-07870 0
93 0 clueweb09-en0010-27-07874 0
93 0 clueweb09-en0010-27-14617 0
93 0 clueweb09-en0010-27-14649 0
93 0 clueweb09-en0010-27-14650 0
93 0 clueweb09-en0010-27-14701 0
93 0 clueweb09-en0010-34-40606 0
93 0 clueweb09-en0010-44-34372 0
93 0 clueweb09-en0010-60-31059 0
93 0 clueweb09-en0010-92-01445 0
93 0 clueweb09-en0011-23-01057 0
93 0 clueweb09-en0011-43-03539 0
93 0 clueweb09-en0011-51-09695 0
93 0 clueweb09-en0011-51-09696 0
93 0 clueweb09-en0011-51-09699 0
93 0 clueweb09-en0011-51-09700 0
93 0 clueweb09-en0011-51-09701 0
93 0 clueweb09-en0011-56-37162 0
93 0 clueweb09-en0011-56-37166 0
93 0 clueweb09-en0011-58-18312 0
93 0 clueweb09-en0011-58-20056 0
93 0 clueweb09-en0011-58-20057 0
93 0 clueweb09-en0011-63-00837 0
93 0 clueweb09-en0011-66-24533 0
93 0 clueweb09-en0011-69-12391 0
93 0 clueweb09-en0011-72-35080 0
93 0 clueweb09-en0011-72-35107 0
93 0 clueweb09-en0011-74-35596 0
93 0 clueweb09-en0011-80-03392 0
93 0 clueweb09-en0011-80-03393 0
93 0 clueweb09-en0011-81-02200 0
93 0 clueweb09-en0011-83-02467 0
93 0 clueweb09-en0011-88-08316 0
93 0 clueweb09-en0011-95-11344 0
93 0 clueweb09-enwp00-07-08566 0
93 0 clueweb09-enwp00-09-07313 0
93 0 clueweb09-enwp00-12-15625 0
93 0 clueweb09-enwp00-14-07300 0
93 0 clueweb09-enwp00-18-07911 0
93 0 clueweb09-enwp00-33-00061 0
93 0 clueweb09-enwp00-51-16709 0
93 0 clueweb09-enwp00-60-13042 1
93 0 clueweb09-enwp00-60-14835 0
93 0 clueweb09-enwp00-72-13575 1
93 0 clueweb09-enwp01-00-22157 0
93 0 clueweb09-enwp01-26-02046 0
93 0 clueweb09-enwp01-30-02853 0
93 0 clueweb09-enwp01-38-21458 0
93 0 clueweb09-enwp01-41-00815 0
93 0 clueweb09-enwp01-51-11541 0
93 0 clueweb09-enwp01-51-11543 0
93 0 clueweb09-enwp01-53-12051 1
93 0 clueweb09-enwp01-53-12052 2
93 0 clueweb09-enwp01-53-22320 0
93 0 clueweb09-enwp01-61-11068 0
93 0 clueweb09-enwp01-61-11069 0
93 0 clueweb09-enwp01-61-21215 0
93 0 clueweb09-enwp01-63-13567 1
93 0 clueweb09-enwp01-68-10211 0
93 0 clueweb09-enwp01-71-11324 0
93 0 clueweb09-enwp01-73-11943 0
93 0 clueweb09-enwp01-73-22290 0
93 0 clueweb09-enwp01-75-12254 1
93 0 clueweb09-enwp01-77-11435 0
93 0 clueweb09-enwp01-77-11436 0
93 0 clueweb09-enwp01-79-17544 0
93 0 clueweb09-enwp01-80-13508 1
93 0 clueweb09-enwp01-80-13509 1
93 0 clueweb09-enwp01-80-13510 0
93 0 clueweb09-enwp01-81-11755 0
93 0 clueweb09-enwp01-81-11756 0
93 0 clueweb09-enwp01-81-11758 0
93 0 clueweb09-enwp01-82-18921 0
93 0 clueweb09-enwp01-84-12108 0
93 0 clueweb09-enwp01-84-12110 0
93 0 clueweb09-enwp01-84-12112 2
93 0 clueweb09-enwp01-90-04493 0
93 0 clueweb09-enwp01-91-19426 0
93 0 clueweb09-enwp01-93-17701 0
93 0 clueweb09-enwp01-93-17907 0
93 0 clueweb09-enwp01-95-17845 0
93 0 clueweb09-enwp02-00-15304 0
93 0 clueweb09-enwp02-00-18947 0
93 0 clueweb09-enwp02-01-17753 0
93 0 clueweb09-enwp02-01-17916 0
93 0 clueweb09-enwp02-08-01385 0
93 0 clueweb09-enwp02-13-14270 0
93 0 clueweb09-enwp02-13-14271 0
93 0 clueweb09-enwp02-22-13541 0
93 0 clueweb09-enwp02-23-17810 0
93 0 clueweb09-enwp02-29-12706 1
93 0 clueweb09-enwp02-29-12707 0
93 0 clueweb09-enwp02-29-12708 0
93 0 clueweb09-enwp03-00-11923 0
93 0 clueweb09-enwp03-07-12371 0
93 0 clueweb09-enwp03-28-04544 0